9.699045515414393748e+00
7.158521217535019687e+00
1.175788863920447902e+01
7.314809991170251102e+00
1.761468517894023122e+01
6.241218914024927678e+00
7.646082820975849792e+00
8.112863759807137143e+00
8.751573463014146625e+00
6.350699162501391548e+00
5.437070344635491104e+00
6.744311161981587865e+00
8.242235593434294572e+00
9.513862862023994893e+00
9.067951792607264139e+00
9.595408240447946824e+00
8.698040759215594164e+00
1.246925467514557795e+01
9.109242203814199357e+00
9.515811746106514590e+00
7.468761226956988963e+00
1.112815391092600237e+01
8.381834458118882836e+00
6.987283671677369412e+00
6.065191415384400209e+00
5.826919599068643763e+00
1.479534296224961665e+01
6.119823950150684588e+00
1.411343356576916008e+01
5.405874155197708752e+00
9.767221286348757303e+00
7.960337743712777581e+00
7.636517465218424228e+00
1.116042323260720615e+01
1.040644953682657281e+01
1.257704284003413164e+01
8.411727886444033686e+00
6.819294319724372500e+00
1.024021525219196604e+01
5.732493944103496553e+00
4.686844580503458424e+00
1.254338824547302345e+01
6.620055179168342185e+00
8.744380574565361997e+00
1.509265275799250539e+01
1.030662165234446448e+01
1.007565141640036366e+01
7.436729793547187661e+00
8.163950292394357433e+00
1.191426431006768638e+01
7.633275113503215970e+00
9.092884185788122409e+00
9.997671271250959890e+00
6.383875320076255022e+00
1.352209017201082375e+01
7.663970683940589446e+00
6.855572047209371966e+00
1.022062053564113526e+01
9.575710308874636922e+00
9.911496148079740109e+00
7.275761495848549032e+00
7.944220953858033951e+00
1.395893759667648304e+01
6.579325147606868818e+00
1.623977646461129609e+01
6.476503732660372492e+00
8.434035314729294797e+00
5.678429510705819361e+00
1.308755929876063817e+01
8.393133648637453703e+00
5.727101501279220130e+00
1.417594474249550451e+01
7.920293910540673998e+00
1.042782174362347547e+01
1.309052036131406993e+01
1.371301760591332197e+01
5.908720976281737869e+00
1.220369061409123290e+01
7.026017133106369883e+00
7.015295944228713942e+00
1.089319323263638850e+01
1.105800284053665550e+01
1.493212728190995975e+01
4.908133415935863830e+00
4.901069585190182210e+00
7.907921571088130541e+00
1.987024410190550583e+01
4.034467339800172248e+00
1.574802891368651814e+01
9.182797637108452093e+00
6.068196492627362382e+00
7.014720173516065138e+00
7.700300893177788097e+00
5.917041019447014882e+00
1.500328246514609098e+01
7.355449786406710544e+00
9.159651967431114983e+00
9.062306593091406626e+00
8.826770570270749516e+00
1.539649163079625360e+01
9.937999887033551971e+00
1.771732671956907623e+01
1.105540499716960312e+01
1.215463360098397416e+01
9.244689669981983826e+00
4.306321186523124567e+00
8.838874828776679848e+00
6.843864721912771287e+00
8.593272763498156053e+00
1.027038541188368725e+01
7.997257102222834924e+00
1.007627633263260414e+01
6.300246888960865377e+00
9.911738607442176274e+00
1.330241047080178163e+01
1.761242728504255339e+01
1.372614556744206205e+01
1.204876707983427053e+01
7.758806249339550654e+00
9.857232612303143071e+00
9.151235921816619268e+00
1.106003088383906352e+01
6.016100294792175340e+00
8.902746394799807561e+00
6.140812921434681826e+00
1.290540127833319239e+01
1.239925939818254541e+01
1.366129592600776022e+01
9.133428725990448527e+00
7.483035986369877435e+00
5.131833942538942317e+00
6.231522343829671406e+00
6.009615303565902344e+00
1.483704124269855740e+01
9.504445927638073499e+00
1.275611269842793760e+01
1.680613626129026628e+01
7.100192588607027844e+00
1.025615572137524545e+01
1.213427590898810848e+01
1.348135498941685206e+01
1.039444444414700008e+01
1.453173978741679839e+01
1.052525678549065091e+01
1.769895746415157234e+01
9.419341534368360414e+00
1.531311613194522714e+01
1.213367205785357505e+01
5.413882453167216724e+00
8.870909796616397003e+00
8.415022682729821568e+00
9.023858891902113655e+00
1.507115881064723339e+01
1.249792185400401578e+01
1.201383119741664984e+01
6.841242232816253654e+00
7.603635429424761227e+00
7.977424141282995151e+00
4.939496396502735642e+00
5.305318432998845424e+00
4.709624137773996466e+00
9.161967341342819537e+00
9.050550246047571079e+00
8.139891233263034209e+00
7.419187285292878187e+00
1.147972568839927199e+01
1.475548120198068958e+01
7.800828363419123335e+00
1.118337337522031127e+01
1.078779090106700345e+01
1.537716933785048568e+01
1.001646519640602406e+01
5.328361452284669397e+00
1.149844512003965136e+01
1.585735915277952834e+01
5.946091339717631818e+00
1.660081380823995545e+01
1.283702991473901811e+01
6.144012732448053349e+00
9.221775742641572293e+00
1.492005867074994541e+01
1.398243191695151921e+01
1.026543150305438701e+01
6.652990556560851587e+00
9.982919147628406265e+00
8.796266117167181875e+00
9.073413404322414166e+00
8.455956242761532238e+00
7.897331599162935589e+00
5.371720659207705140e+00
1.029905236238202093e+01
1.367706750020018980e+01
6.883290827426539416e+00
5.888574667869691304e+00
6.600072879977360252e+00
6.953868304868169758e+00
1.234478501016381102e+01
1.143446270323086367e+01
1.137418516427049298e+01
1.283621145980904465e+01
5.645092016689362779e+00
4.332188648503999318e+00
5.714963329122686453e+00
8.872424065217208167e+00
9.026987604252225239e+00
6.826941079297899506e+00
9.973885716630746856e+00
7.049862422535561279e+00
7.623761048313928868e+00
6.805290319489841089e+00
1.034697108015878442e+01
5.826677369679655882e+00
6.848346541264130671e+00
7.774686652996738445e+00
4.988594723834615330e+00
8.993377963119462137e+00
4.972047748978527970e+00
8.447489628774825121e+00
5.229475307484293012e+00
6.647668168599685679e+00
9.243296416401934223e+00
1.418386106816899428e+01
1.225115966128801759e+01
8.441986333037773349e+00
7.540391690656128354e+00
1.109104630089358601e+01
1.149067620071825679e+01
8.285980998528259533e+00
6.306804225585369572e+00
1.095801751867712603e+01
8.713004167901956976e+00
6.477943039796703495e+00
1.121343127738037282e+01
1.188204065413337673e+01
5.687212901857459535e+00
8.547446468552637455e+00
6.025657353388226944e+00
1.101414255126327468e+01
1.009442430085331210e+01
1.890978470618540896e+01
9.386362448189167651e+00
6.422437679634680485e+00
9.817067681188060391e+00
8.853781037380272778e+00
1.087395966360804422e+01
1.111017409269123313e+01
9.036229407879005748e+00
6.752027878675516348e+00
1.191489792322695074e+01
9.625923977124688946e+00
